11000110111101101011011111000000
11000111010110010101001010000000
01000110011100111000000001000000
11000111011110010001101111100000
11000110110100110011101111111000
01000101111111110000000000000100
01000110011011010110010000001000
01000111110000010011111110010000
01000111010101111100100000000100
11000111011100110010010111110000
01000101011101001011000000010000
11000110010110111000111111111110
11000111011101011111001111111110
11000110010101011010001111111110
11000101111101011111011111111000
01000110110101000110010001000000
01000111011000110001101100010000
11000100011101101111111110000000
01000111010111011010100100000001
11000111010000101010011111110000
01000110110101110111010000000010
11000110010010100011001111111110
01000111110000100010010100010000
11000110110100000001000111000000
11000110011100111111111111111100
11000110111110000010011111111000
01000111010000001101110100001000
01000111010110110111010100000100
11000111010011001010011011100000
01000110110010011111001000000010
01000111011000110110111000010000
11000110111100110011111111100000
01000110111101111111000100000000
11000110111100101111001111111000
11000011110011000110000000000000
01000111010011011101111110000000
01000101111001010111010000000000
01000110111111001000111000100000
11000001011011111111100000000000
01000111010111101100111000010000
11000111010100011011001011111111
11000111010101001110111011100000
11000110011011001111111111100000
01000111010011110110100000100000
11000110110010111010101110000000
01000111010101111001001000000010
01000111110000010001011010010000
01000111011101101110110000000010
11000111010101010100101011111000
01000111011010111111110000000100
11000111010101000001110011111000
01000111010100001000111000001000
01000101010111101001001000000000
01000110011111101000010000000100
01000111011011011100010000000010
11000111010000010110010111110000
11000111010111011001001011111100
11000101111011000011011000000000
01000110111010000100101001000000
01000101110000011001100000100000
01000110010101000110100000000100
11000111011000000101011011110000
11000111010010111101011011111100
11000110010000010110011110000000
11000110011001001000001111000000
01000111011011001110101000000100
11000111110000101110010111100000
11000101011110000011111000000000
11000110110111110000001111111110
11000110111101101011110111000000
11000111010110011110001100000000
11000111011010100100100011111100
01000111010001000101100000100000
11000111011100000000111100000000
01000111011111011011010000000010
01000110110001010110010000100000
11000111011111100110110111000000
11000101011000110000110000000000
11000111011110011000110100000000
11000111010111110111010100000000
01000111010001011011111000000010
01000110010101110010111000000000
01000111010111011011101100000000
11000111010010001100011111100000
01000101110100011010100010000000
11000110111110110111011110000000
01000111010111101000001010000000
01000111011011101001011100000100
01000111011111001000010110000000
11000111011111011011110111100000
11000110111110000111011111111111
11000111010111110001101111000000
11000111010001011001011111000000
01000110111111010111000000000010
11000111010111111101000011000000
11000111010100111101110111111110
11000101110110000111110000000000
11000110111011100010100111111100
01000110110101011101110001000000
01000111010101111110001100000010
01000110111000011110101000000010
11000110111001100011110110000000
11000110110011010011110111111000
01000110111011100001101000100000
11000110010000111100101111111000
11000111010000010001111010000000
01000110110101011101111000000001
01000111110000010111100100010000
01000110011101110011100000100000
01000111010000010111011110000000
11000101010111110101111111000000
11000110010011110100011111000000
01000111110000000011001100100000
01000110110011010001001000000001
01000101011001010111000000010000
01000111010000101000001000000000
01000111011101100110110100001000
11000111010110100001010111100000
01000111011111110010001001000000
01000111011001011100010101000000
11000111010110101110001100000000
01000111010000110001011000000001
01000110110010000010000100000000
01000110010011110111010100000000
01000111011110000110010100000000
11000111010101101011011111000000
01000111010100110011000000000000
01000110111001000001110000010000
11000111011000111100110111111110
11000111011101111110101110000000
11000110010011000100111111111100
01000110111000110101011000001000
11000111011100001111001011111111
11000111011101001001011111000000
01000110111111011010011001000000
11000111011011100011000011000000
11000111010101101110001011111000
01000111011001010110100100100000
11000111010011001111010100000000
01000110111011101110011000000010
01000111010010000010100100100000
01000111010011000010110101000000
01000110111111010001100000000100
01000111011110010001010101000000
01000110010010000001000000000010
11000111011101100100000111111110
01000111011000101010101100010000
01000110110100110011100000000010
01000111011011110111001100000000
11000111010110010011101111111110
01000111010100001000110100010000
11000111010001101000000111000000
11000111011011110000101011111111
11000110011001011111101111110000
01000110110011100111111010000000
11000111011010001111100011111000
11000101111100111100011110000000
01000111010110110000011000000001
11000111010100001011011111100000
01000111011000011111011101000000
01000110110010111011110000000001
11000111011001011111110111100000
11000100111011000001111000000000
01000111110000100010110010000000
11000111010010011000001000000000
01000111011001000001011000010000
01000110110010101110011000000010
01000101011100001000000010000000
01000111011010001011001100001000
01000111011110100001010100001000
01000111011111001100000101000000
01000111110000011110000000000000
11000110011011001110001100000000
01000110110000000110110000010000
01000110110000011000011000000010
01000111010101010000011100001000
11000111010110101011100011000000
11000110110000001001110110000000
11000110110000111001010111000000
01000111011111101111110000001000
11000111010000001000010011111000
11000111010110010100001011000000
01000110111000100000110000000001
11000111010010101011101011111110
01000110110010110100011000100000
01000101110001110110100000001000
11000111110000101111101011111111
11000111110000000100111111100000
01000110111111100101111000010000
01000111010010011111110100001000
01000110011100100111010000010000
11000111011011110010001111110000
01000111011011101011111100000100
11000110110011101011000111100000
11000110110010101010110111111110
01000111011000110001001001000000
01000110111010010000110000001000
01000111010100010101111100001000
01000111110000010001001010000010
01000111011111101010110110000000
11000110110001110101001111111111
01000110010000111101100001000000
11000110011100000101001111100000
01000110110111000001110000001000
11000110111010001000011111111110
01000111010110110011011000000010
01000111011000001000000000001000
01000111011000100000010000000010
11000111011001111011000111111110
11000110010011110111111111110000
01000111011010101000000000000001
11000111010110101000101111111111
11000110011110111011001111110000
01000111011100100111101000000001
11000110110000110010110100000000
01000111011011110111010100000010
11000110010101011100001111111100
11000110111010011110000110000000
11000101110101110110111100000000
01000110010001010100110000010000
01000110011000111011100000100000
01000110011100110001100100000000
01000101110100011101100000000100
11000111011010110111001111100000
11000110011101000111111111111000
11000101011000010010111111100000
01000111010110000100100001000000
11000111011100100011110110000000
01000110010001010000110010000000
01000111110000011011011010000010
11000111010101101010110111111000
11000111010101000110100011111110
01000111011101101001111100001000
01000110110101100111110001000000
01000111011011110111000100000001
11000111010000010110101111111100
11000111010010011011110100000000
01000111011001011100010100000100
01000111110000001000100110010000
11000111010111111110101011111100
11000110111101110001000111111111
11000110110111110101101111111100
11000111011000101010001000000000
01000110011111001010010000010000
11000111011111001011101110000000
01000111011101000000010100001000
11000111011011110001101011111000
01000111010101011011101010000000
11000110110000000010110111111000
11000101010000011011111100000000
01000111010100010100001100000001
01000111011111100100110001000000
11000110110111001110111111110000
01000110110110101111110000010000
11000110110011000110111100000000
11000111010000101110011011111111
11000111010110110101101110000000
01000110011010000010010001000000
11000111011111100101110011111111
11000111010011011110111111111110
11000110111011011010100111100000
11000110111110001010000111111100
01000110011110111000000010000000
01000110111000101011000001000000
11000111011101110101001111111111
01000111010011100111000000001000
11000111011100110010101111111000
01000111010011001000001100000001
11000110111001011010110100000000
11000111010100000100010111100000
01000110110111111100001001000000
11000111011001011111000111111111
11000111010011110111100111111111
11000111011101111111000011110000
11000111011001101110101111111111
01000110111000011110110000000100
11000111010011000001010111111000
11000111010100110100111011111100
01000111010111011101101100000100
11000101111110111000111111111000
11000101110001001011011110000000
01000110011100110111110000010000
01000100111001111010000100000000
01000110011011111001110000000010
01000101110010010111000010000000
01000111011001111100011110000000
11000111011010000011100011111111
01000111011111100000110101000000
01000110111100010101110000000010
11000111010010011011110011111100
11000111011111100110110111111000
11000110111110110000100111111110
01000111010111110110111000001000
11000111011001100011111011100000
11000111011111001101001000000000
01000110010110010100101000000000
01000110111111110100100000000010
01000111010011101111111100010000
11000110111101101111000111111110
01000110111100011000001100000000
01000111010100101101101100010000
01000110110010110011000000000100
01000111010011001111001000100000
01000111010001110110000000000000
01000101111011001101000000001000
11000111010010111001010111111100
11000110110101000011001111100000
11000110011001000111111111111110
01000111011010101011010100000001
01000110111010011000110010000000
01000110110100111011011000000001
01000111011010111101100001000000
01000110110111111111011000000010
11000110111000001000001100000000
11000110110110111100110111111110
11000110111101110011001111111110
01000111010011110100100100000000
11000110011001111100001111111100
11000101110100111000011100000000
11000111010001111011101111110000
11000110110011100011000111110000
01000111011000001001011000000010
11000111010011000011001111110000
11000110110011101000001100000000
01000111011100110101111100100000
11000111010100110011011011110000
11000101110011001101011111111000
11000110110011110010010111000000
11000111010001001101000011110000
01000110111101111110111000000001
01000110110011000000111000001000
01000111011110001110100100000100
01000110011100000000001000000000
11000110110000101110010111111100
01000111011001111000101110000000
11000111010010100101100011111111
11000111010101100101001100000000
01000110110001101110001001000000
11000101010110111001110000000000
11000111010111111000010111111100
11000110110001101001100111111110
11000111010101000111111111111100
01000111010011111000100100010000
11000110111000101000011111000000
11000110011010101010011111110000
01000110111001101100011001000000
01000111011111110101100000010000
01000111010100111101101000010000
01000101110100011101100000100000
11000101111001010011011111000000
11000110110011011010101111111110
01000111011001000111111000000000
01000110111111100001010000010000
01000111011010110101111100010000
01000111011010000101110000001000
01000111011001001111101100000100
01000111010101010100011100001000
11000111010111101010000111111100
01000111010011011101011000000000
01000110110001100100111100000000
01000111010111000001011000000010
01000110110100010011111100000000
01000111010100001011011000010000
11000101110100011001011111111000
01000110111010010011010000000010
01000110110011101010100010000000
11000101010001010110111111100000
11000111110000000000001111111111
11000101010010111110111111100000
11000111010001011000000011110000
01000111011101101110001000010000
11000111011000100011101011100000
11000111010010101010100110000000
11000110010011110001001000000000
11000110110111000111111111111100
01000110111100010100110000010000
01000110111100111101100000010000
01000110110110010000101000100000
01000111011010011011001101000000
01000111010111101100011000100000
01000111011110001001100100000010
11000110110010010100111110000000
01000110111110001111011100000000
01000110110011100010000010000000
01000111010110001101000100010000
01000111011011100001110010000000
01000100010000011000010000000000
11000110010100001111011111111000
11000110011011110010011000000000
11000111011111011110100111000000
11000111011000001101010111110000
01000110111011110000110000010000
11000111011110010110111011111000
11000101111100011111111111111100
11000111010111000101001011111110
01000111010000001000001000010000
11000111011101001000100111111100
01000111011010000000100000100000
11000101010001111001111111111000
01000101111001110011000000000100
11000111010111001011010011111100
11000111010101101010000011111111
01000111011100011101010000100000
01000111011000010101001010000000
11000111010000100011011111111110
01000110010111111110110000000010
11000111010000000000011011110000
01000111010000110110010110000000
11000110111110010110100111111100
11000110111111101110101111111110
01000110011010101111010000010000
11000111010110110001110011111110
01000111010101110001010100000001
01000110011101010110000100000000
01000111011011000101111100100000
11000110110000001001111111111111
01000111011011010111010100000010
11000110111011010000100100000000
11000111010011111010001111111000
11000110010110001110101000000000
11000111011010001001011011111000
01000111010011010011001100000100
11000100010010100111111100000000
11000101010100010111111111100000
11000111010111111111011000000000
11000110110011100101110111000000
01000111010011111111111000000001
01000111010001100101001010000000
11000101110100100110011000000000
11000110110111110111011111110000
01000111011110100100111000000100
01000110010110000010000001000000
01000110110111001010011000100000
11000111011100111100001111111100
01000111010011011011010000001000
01000111010010001000011000000100
01000111110000100000010010000000
01000110110000000011010000000100
11000111010001011011010011111000
01000111011010001111001100000000
01000111010100101011111000000010
01000110011000101111110000001000
01000110011000111100100000010000
11000111011100011100001111111000
11000110110010110111101111111111
11000100110111000001111000000000
11000110110000111110010111111110
11000111010111010111001011111110
01000110111101010110011100000000
11000111010111011011110011111000
01000111010110001111111000000010
01000110110010001101100000000010
01000111011111000001010000000000
11000101110100101100011111111100
01000111010011010110101000000100
01000110010000011000100100000000
11000110011110010111111000000000
11000101111110000101011111111100
11000111011001100100011111100000
01000111110000000000001110000100
01000111010000001101011100010000
11000110111000101010110111000000
01000110111001010000100000100000
01000110011100111110000000001000
01000110110000001001010000001000
01000101110010001101000000000100
11000111010010001010001011111000
01000110111100001011100000100000
11000111010110100100110000000000
11000111010110001101110111111110
11000111011010001010110111111000
11000111011100110011111011000000
11000100111000110011111110000000
11000110111011000110111111000000
01000111010110110111000101000000
01000110010111110101100000001000
01000111010001100110100100000010
11000110011010110011101111100000
01000111011001110010100000100000
11000101111000011111111111000000
01000110111000011101011001000000
11000111011010001101011100000000
11000110010110100111011111110000
11000110110011110001110111111111
11000111110000010110100111100000
11000111011111010010001000000000
01000111010100111010111100000000
01000111010111111001111010000000
01000111010000101011110101000000
01000110110101010010111000000010
11000111011000100101110011100000
01000111010010110110000001000000
11000111010010110111010011110000
01000100110001010000000001000000
11000110110001010110110110000000
11000111110000000101111110000000
11000101111111001010011110000000
01000111010010001101011100000000
01000101111111001010000000000100
01000111010100000101101100000100
01000110111110001001011100000000
01000110110101011110010001000000
01000110011001001110101000000000
01000111010111011101011000001000
01000011111100010000000010000000
01000111011110111101000000100000
01000111010011010011000010000000
11000101111010100111010000000000
11000110110101000001000111111111
11000110110111101000001111111111
11000101011110000001111111100000
11000110111111111100100111111111
11000111010010111101110111110000
11000110110000001001111100000000
01000110110111000010110000000010
11000111010111001100101011111110
01000111010011100000000000000001
11000111011001001110111010000000
01000111011011101011111100001000
01000101110101101001100000100000
01000111011010100010011100000010
01000111011100001101001100001000
01000111011110110100011001000000
01000111010101111100110100100000
01000101111100001010000000010000
11000111011100101100101011100000
01000111011100001100100000000010
01000111011001011010010000000001
01000111011101111010101000100000
01000111011000010001001100000000
01000011011010100001000000000000
01000111011101111001111110000000
01000111011101110011101000100000
01000111010010110010100100000000
11000111010011110011100011111100
11000111010001010101100111111100
01000111011010011000110010000000
01000110011001100000101000000000
11000110111001010001011100000000
11000110110110101110110111111110
01000110111110000111000000100000
11000110110001101101000111100000
11000111010100110110010111111110
01000101111111111011001000000000
01000111011010111000110000010000
01000101110010111111000000001000
11000111011110011000100011111110
01000110110011010010110000010000
01000111011000001100001000000100
11000111010011000110011011111000
01000101110100010001100000100000
01000101111101000101000000010000
01000111110000001100101110000100
11000110010001000001011111000000
11000111011100010101010111111111
01000111011101010100111000000001
11000111010000101001010111111110
01000111011010111000101100000010
01000110111110100111001000000001
01000111010101010001010100000100
11000101111000011011111111111100
11000100111010110111000000000000
01000111010001110000111100000010
01000110011011101001000000010000
11000110110000001100011111000000
01000111011100100111010100000010
01000110011001010100010000000100
01000100111110000110100000000000
11000110111110111000001100000000
01000110110001010100101000001000
01000110011000101000000000000010
01000111010010001010110100000010
01000111010101010001011100000100
01000111011110010011100000000001
01000110110011000111011000100000
01000110110101110110111010000000
01000111011100011111100000001000
11000110111111001000001111111110
01000111010101011001100001000000
11000111010100011110010111110000
01000101111010011000000010000000
11000111010001100101111000000000
01000110011011100101000000010000
01000111010011011010001000001000
01000110010001001011000010000000
01000111010101011111110100000100
11000110010010001111111000000000
11000111011110110011101011111111
11000110111100001100100111100000
01000110110001001011111001000000
11000011110111100111110000000000
11000110111001011000010111100000
11000110111011111111111111111110
11000110110100010010100111111111
11000111110000101100001010000000
01000111010001111001101000100000
01000111011001110000110010000000
01000110110000000011101000100000
11000111011101001101001011100000
01000110110111110111000000010000
11000111010100001011111111111100
01000110111111010111100000001000
11000110111100111000100110000000
01000110110000110101110000100000
01000111011000110100110100010000
01000110010001110100010000000100
11000110110101010011000111111000
11000110111000110001100111110000
01000110110011011111110000000010
01000101110101100000010000000000
11000111010011001111001111100000
01000110110101001001000000100000
11000111010100000000100010000000
01000100111110010011000000000000
01000110110101100001000001000000
01000111110000010000000110010000
01000110010101100001001000000000
11000111011111110101001011111000
11000110110110011001101110000000
01000111010111001001001100100000
01000111010010101110100000010000
11000110110011101010101111110000
11000110011000110000111111111100
11000110010001010100111111110000
01000111010000011010110100000000
01000110010111001001000000000010
01000111110000100001011110000100
01000111010101011100110100010000
01000111011000011010111101000000
01000110011010011100110100000000
11000110011111100000011111111110
11000110011011001000001111100000
11000111010101101010110100000000
11000110111000010000000111111111
11000111110000011010110011111000
01000111010111011110111101000000
01000111010011100111001110000000
01000101111100100000000000100000
11000110111001101111010111111110
01000111011011111010011001000000
01000111011001110001001110000000
01000111010110010010111110000000
11000101110001011111111111110000
11000110111010101011110111110000
11000111010010000011111111000000
01000111011111011110000000001000
01000111011100000000000000000000
01000110010000101110010000000100
11000111011010101101111111110000
11000110110110110111101100000000
11000111010011010000000011111100
11000111011000001000010011000000
11000110110100101111000111111111
11000110110000101011111100000000
11000110111111110011111111111110
01000111010110011001111101000000
01000110110000000100001000000010
11000111010111100000000110000000
11000011111010011111111100000000
11000111011100111110010011110000
01000111010000000111100000010000
11000111011000000001011011110000
01000110010010011101110000001000
01000111011101001000001000000000
01000111010011110111111010000000
11000101111011111101111111111000
11000110111010010101101111000000
01000101111101100110001000000000
01000111011100101100000000000000
11000110110011111001010100000000
11000111011000110000010111110000
01000111011001010000000100000000
01000110010001111100111000000000
11000110110000100101011111111000
01000111010000100011100100001000
01000110111110100100100001000000
11000110110000001000100111111100
11000111011101001010111100000000
11000111011100110000000011000000
11000110111101010010111111000000
11000111010100000011011011110000
01000111010000000001100000000000
01000110011101011100000000100000
11000110011001110001011111110000
11000111011101100110011011110000
01000111110000011000001000000010
11000111010000100000101111111110
11000110011111000000101110000000
01000110111110100100100000000100
01000110110011110001111000000001
01000101010010010001000000001000
11000111011001111101011011100000
01000110111110001010010000000100
01000110110111000111100000000100
01000110111100010111010000100000
01000111010110001111011000001000
11000111010000100111011111111100
01000111011101000011011100000100
11000110110110001000111111111110
01000110011100100101000000001000
11000111010001110011001000000000
01000111011101000111100001000000
11000111110000011001110011110000
11000111010001011101101110000000
01000111010000101011000000000001
11000110111011011110110111110000
01000101110111011111100010000000
01000110111000010011011010000000
11000100110100100011111100000000
01000111010100110011110000010000
11000111010110110010001011111110
11000111010000100111010011110000
01000011110011100000000100000000
11000110011011011011001111000000
11000111010000010110100000000000
11000111011001101101100111111000
01000110111101110001001000000001
11000110111000110000100111111111
01000110011011110111100000001000
11000111011001101110010011111111
01000111011010011100011100000100
11000111010101100010000011100000
01000111010110011100000000000001
01000110111110100010011000100000
11000111010011000110110111111000
01000101111101101011110000000000
01000110111010111011101000010000
01000110010010101010100001000000
01000110111011000101111000100000
01000101111011001000100001000000
01000111011001111010110100010000
01000100011101111000000010000000
11000110011001011010001111000000
01000111010110110101100000000100
11000101011110111111110000000000
01000111010011101000100000000010
11000111011000011101111011110000
11000110011110101100001111111100
01000111010111100111001001000000
11000110111001101110100111100000
01000110011101110010000000100000
01000110011111001101010000010000
11000110111110011001110111111111
11000111010110110101100111111100
01000111010111001000110110000000
01000110110100011001100000000001
01000110110001111111100001000000
01000111010010010100111100001000
11000111010010110001101111100000
11000111011010110100110011110000
11000101111010101001111111111000
01000110110111000100111000001000
01000111010011101010101000000100
01000110110011100010111000010000
11000101111000111100110000000000
11000111011010100010001000000000
11000111010110000001101011111110
01000111011101111000000001000000
11000111011111000111011011111100
11000111010110011110100011100000
11000111010010010000010100000000
11000110111110010001011111111100
11000111110000100101011011111000
01000111010100110110101100000010
01000110010001100111000001000000
01000111011011100111011100000100
01000111010001010000110000000001
11000111011111111011000011000000
11000110111101100101000110000000
01000111011111000010101100010000
11000101110000110011111111100000
11000111010010111010111011000000
11000101110100001010011111111100
01000110110000110010010100000000
01000110011100111101110000000100
01000111010011111110001100001000
11000111010000110001001011111111
11000111010000000001110111100000
01000111110000000110100011000000
11000111011111111111001111111111
01000111010010110011101100000001
01000111011111010011101101000000
11000110111001000000101111000000
11000111110000101101101001111111
01000111011100001000100000001000
01000110011111001010010000100000
01000100010000101100000000100000
01000101111000001100000000010000
01000110011111000111110000100000
01000111010101000001100100000010
01000111011110110000000110000000
01000111011011010111010000000100
01000111010101100111010010000000
01000101011001110000010000000000
01000110110000011011101000000001
11000111011010100111110011111100
01000111011100100010000100010000
11000110111000101100010111000000
11000111011000111101000111100000
11000110110001110110100111110000
11000110111010110111101111100000
01000111011111011100001100010000
01000110010010001011100000001000
01000101010101101111010000000000
11000110010001100101111110000000
11000111010000011011011000000000
01000110110100100011000001000000
01000110010110100001110010000000
01000110111101000111011000001000
11000111010111000110011111111111
11000110111010001111010111000000
11000111011000100001011100000000
11000101010111110011100000000000
01000110011001011001000000010000
11000110111101100101010111100000
11000111010011101000010111111110
11000110111111001011101111111000
01000111011011011000010100100000
11000101111001101100010000000000
01000111010000100111010100000010
01000101111010100010100100000000
01000101010001110011010000000000
01000111010010000110100000001000
11000111011100100101100111100000
11000110011010011110011111000000
11000101011010111100111111111000
01000101110100100000110000000000
01000110110011001011100000100000
11000111011111000001101111111111
01000110110101110111010000000100
11000111010001101010111111000000
11000110111100001010100110000000
11000111011101010010011011111000
11000111110000101011011101111111
01000111011100111101010000000100
11000111010000111011000100000000
11000111010100001101011000000000
11000111011010111100110010000000
01000111010010010001001110000000
01000111011000010110101100000010
01000111011101000000011000100000
11000111011110010111010111000000
11000111011011100100111111110000
11000110110010110001110111000000
11000101111100010001011111111100
01000110011001101101000000000100
11000101110110010010011100000000
11000111011000001110101011111110
11000111010011000101010000000000
01000110010000010011100100000000
01000111010101110010111000000100
01000111011010010011101000010000
01000111011111011110110100000100
11000110111101111101100111000000
11000110011110111111011100000000
11000111010101100110100111111100
11000111011000111110001010000000
11000110010001100111111000000000
11000111011101010000000011111110
11000111110000100001110101111110
11000111010010111111010011100000
11000110110010011010000111111100
01000111011010101100110010000000
01000110010110000001010010000000
11000101111000010110011111111000
11000101010000010000111111110000
01000110011111110011010010000000
11000111010111010010110111000000
01000110011101110001101000000000
01000110110110111000011000000010
01000111010101010100101000000001
01000110110011110010110000000100
11000101110000111001011111111100
11000111010001011010110111000000
01000111010101000010111000000000
01000110111010111010100000000001
11000111010011100011010011000000
11000110110101101100101111111111
11000011011100101111111110000000
11000110010101111111101000000000
11000111011011100000011111110000
01000111010110100011101000000010
11000110011000111011001111111110
11000111011000001011111011111110
01000111010101111011011001000000
11000111010101101111100011100000
01000110110110010000000100000000
11000111010011000011101011100000
01000110010100100010000100000000
11000111011011110110011111111110
11000111010001001001101111111111
11000111110000001111100011111000
11000111011000000100101011100000
01000111010100010001010000000010
01000111011011101101011100001000
11000110111101111001010111111111
11000111110000100011111101111000
11000110011000001110101111111000
11000111011000100111100111111100
11000111010100011101100111000000
01000101110101001011100001000000
11000111010100110100101011100000
01000001111110010000000000000000
11000111011000111001111111111111
01000111010111010111001100001000
11000111011000100011000010000000
01000110111100010111001010000000
11000111011010110101010010000000
01000111010011100001001000100000
01000111010110011010100100000010
01000101110001100100010000000000
11000111011110111010111010000000
01000111010111111011010100100000
11000110110111100011010100000000
11000110110101111101011111111110
01000111010001110111000100000100
11000110011110011111101100000000
11000111011110011010110000000000
01000110010100110110000000100000
01000110110011011000100000000100
01000110110111001010111010000000
01000101111111000101100000001000
01000111011111101010000110000000
11000111011011100010111011111110
11000110110100001001101111111111
11000101010100110100111111000000
11000110111100011111001111111000
11000110110100111011111111111111
11000111010000010100010011111110
01000111011000100111000000000010
11000111011100000000011000000000
01000110011100110100110000010000
11000111011000001101001111110000
11000111011110111001111010000000
01000111010011011000010100000100
01000110110011111101011000010000
11000111011101010000010111111000
01000111011111001101101100000010
11000111011110011000110111111110
11000110110100111000000111111111
11000111010011110011001111110000
01000011010010010000000010000000
11000101110001001001111111111100
11000110110010101110110111111000
01000111011111111101110100010000
11000110011111111100001111111110
11000111010110001010010011111110
11000111011111110001011111000000
11000110111101010010011111111100
01000111011000101100000100000000
11000111011100000010110100000000
01000111011101010100000100000100
11000111011011101011111111111100
01000110111111110101111100000000
01000111011111000101010001000000
01000111011010001000111101000000
01000110010010101110100000000100
11000111010100011001011011111111
11000101010001010011111111111000
01000111010100011101111100001000
11000111011110110100010010000000
11000101110011001010111000000000
01000110110101010111001000010000
11000110111001011000001111111000
01000110110010101110001000000010
11000101010111100111100000000000
01000111011101110011111100100000
11000111010000011011110011111111
11000111010110110101100100000000
11000111011111110001110011111000
11000110111101010001010111111110
11000111011100001110110000000000
01000111010100110010110000010000
01000111010111001101110000000001
01000110110001101010110100000000
01000110111101000000010001000000
11000111011110100100100111111110
01000111011100110010101100000000
11000111010010011000001110000000
01000101111001001110101000000000
11000110010100000101011111111000
11000111011111000110111100000000
11000111011000110110101110000000
11000110011011111001101111000000
01000111011001010000110000000000
11000111011110110010001010000000
01000111010010111111000100010000
01000111010110001101101100001000
11000110110111110011101111110000
01000111011011101110011000000010
11000111010000101110011111000000
01000111010001101010100000000100
11000111011110011001110010000000
01000111011000111011101110000000
01000111010100000011000100000001
11000111010001011101000111100000
01000100111111000010001000000000
11000111010111100110110000000000
11000110010011001011111100000000
11000111010000011111010011111000
