7862
44870
84388
90108
48598
51896
4021
23023
82342
72669
15247
78118
6159
212
53626
99623
66766
77395
50653
90404
87477
14870
86330
4600
93174
67553
10933
31704
68649
22694
6422
47186
99733
49954
83473
97184
34660
83546
95190
5944
72368
58679
92891
93387
42925
1033
14501
33114
70361
20246
26675
31680
94309
44315
83618
42481
52800
76727
33008
53261
71575
4306
86045
97293
30774
1792
88382
37776
91053
81861
85514
16936
57255
2
78370
19997
25472
40615
45671
79045
20100
38499
61962
58377
41413
42378
79612
24160
53366
98156
82881
31777
92063
55204
63912
56923
3255
73098
60489
47804
27379
33296
92221
86015
43501
92304
20348
46644
31722
99145
98186
87189
444
27166
77974
78385
62444
82277
42301
73781
99813
68335
58435
97358
95629
79407
86342
55441
48307
19270
19293
72677
91537
10371
42577
5979
95300
2203
85019
46629
77773
37120
2229
83324
11794
14652
33044
99593
99628
69136
21573
43611
6064
53205
74890
469
91962
76347
76865
46425
67535
68539
40422
7164
11286
57474
75579
55515
29553
65718
31704
48725
18445
82364
42553
22493
51950
45136
49625
28736
33863
66821
74810
28987
63607
4061
73454
53025
89940
13628
32672
98679
71791
5232
65858
27233
76633
21870
70171
77444
7313
28658
36966
60826
33928
12401
33243
15896
778
561
16163
3001
12102
51162
30106
32736
29926
30111
95939
19423
6252
23040
43760
89083
54473
29986
63873
36454
85227
90310
65050
78173
84737
65174
7537
16543
84622
22559
66630
20117
24966
1329
22243
93035
96829
41493
50151
20803
1120
55522
4933
11299
78088
41439
37593
98663
39542
20887
38102
52913
82051
76298
24927
88012
89196
17587
76807
2143
60266
61308
15596
15745
72519
96917
27124
4456
83676
27450
47848
4828
21645
84189
13331
34073
27025
89045
53020
88451
56406
24294
69549
92061
49806
60610
24230
40421
82725
65311
96508
13690
79724
80831
4608
41613
81725
55981
78880
80899
43446
19678
73423
42390
17086
12420
18346
26078
12724
60112
83478
10116
76767
89754
50179
85828
53216
26153
27834
44455
75190
12616
71578
87664
151
98319
28824
75846
82125
38514
95352
66291
5867
74439
75628
91722
95844
85455
88675
91788
35074
94965
53173
7721
81115
31566
25224
16831
43652
45907
85473
51034
25052
12895
6740
33828
23256
80843
99717
63444
47061
63381
40008
52336
31326
48027
70484
32568
17882
98792
23617
17844
1599
45864
83797
65843
65989
11638
23100001
1826
30514
46452
62713
57485
56969
42146
66236
29120
36701
53914
22427
27466
34943
49075
86831
46669
83040
83905
3213
66995
23731
11131
74407
70216
21523
83082
97568
2323
57005
55681
84362
67578
89457
95088
92256
59348
41552
95141
66507
55329
46243
64308
62992
83259
31637
65734
94301
29499
14825
56277
67942
83597
11940
92986
59787
3036
78522
64862
45810
9654
74346
11981
42429
10439
28750
28933
73704
64321
72938
95347
13913
81096
24602
90277
37674
75342
83882
76267
24301
98217
99788
61510
79069
69050
41305
77049
73913
66709
78054
75958
16910
32703
85096
85604
3057
9863
82670
58388
34407
94464
5428
554
94907
56087
51679
57799
82302
93344
95443
17290
12766
77173
23390
50511
1303
4576
73910
30166
6749
79203
45164
52427
78105
25675
31448
65058
95631
70284
77004
1936
33749
32221
41461
13284
9643
67575
94238
33591
92491
28319
44312
46043
56873
32972
82724
32732
8865
91263
27267
16349
95571
47736
16904
43268
18996
23379
80208
57010
57956
6503
8455
79410
1783
89666
90421
85608
37999
16678
47237
58868
35871
29931
83441
11946
44252
11854
41984
66915
62602
62736
58611
50208
27427
1655
34929
81526
24697
96800
14146
14268
90061
67238
99292
20933
67564
83862
64358
70507
62223
39745
79974
43313
29228
78194
49143
21246
73366
58226
81890
85372
54068
31351
7656
87097
84597
27536
16749
53329
86492
4696
52935
14334
22447
50642
9263
86329
95963
87409
53265
38783
27002
10961
456
442
88270
41033
11398
48085
14261
666
27251
38020
14935
7925
65700
11884
96021
99331
57005
11323
45680
9967
97652
51098
89519
43406
20144
5632
62405
50747
18057
92273
27431
25219
65287
66050
40477
97460
28183
6400
24653
68126
67579
64006
46029
18800
89847
12203
39139
1031
51279
86246
36731
6469
8665
41318
42694
5707
97487
89082
72849
72795
781
35508
39070
36269
97907
42897
64848
86761
85111
202201
56038
16419
4815
2088
78943
84119
69568
96163
88939
1365
21874
80783
5677
33098
87886
87320
36184
93170
11579
23622
62807
95229
89650
63224
73099
73496
74342
20412
71231
19355
39250
81439
93442
26140
80636
55810
88327
95090
4246
33127
93175
23647
13352
22714
11855
43384
64466
52545
94383
19606
88827
11509
64680
35267
39410
98972
20953
43272
51795
36749
51671
34729
41919
20339
6813
6031
82912
48720
27737
13852
57748
58185
96671
24752
46202
87040
41091
39796
56719
22808
37632
78701
24329
89502
42526
72780
7325
74935
40609
4613
82342
76327
21525
18133
65205
48529
3648
43438
50655
81447
85080
21854
36204
85950
14630
90798
68605
45589
14987
16105
13140
93154
11184
52512
21648
67556
75256
97014
40324
32494
41565
42469
11514
62285
91436
89603
14415
81815
17798
78485
43481
44555
71914
37294
94691
16787
2195
40964
7349
86552
31165
23753
40366
80033
4178
55536
46779
30197
93972
61378
76535
11463
47187
988
54589
58183
22250
39320
48033
61890
81650
39736
87638
68665
5368
84685
46543
67454
66421
88565
42789
47693
69315
37168
89553
15304
41962
71790
87815
70029
87858
78481
63714
82748
89487
59370
43977
11410
15106
41711
90874
8631
7064
48472
39439
8752
59112
65212
68527
7264
61311
5626
17958
58903
2743
22794
43325
26343
36986
47305
56461
6215
7224
3243
25149
78875
42773
24502
88211
42978
27592
87306
98190
88969
41557
81564
28192
2306
5381
61729
72463
46236
22102
63390
80688
25696
39282
77024
17876
58736
22605
1870
72214
94305
21508
98563
18743
19472
39476
98986
91004
78083
40512
56918
54250
8225
16520
52940
47192
40479
14515
34093
89278
43188
29890
45750
41115
71965
77902
15189
92745
224
44806
75155
96661
39007
24206
97525
65596
42612
18398
32669
4090
1764
82453
42583
59199
75260
23622
59776
48713
80624
45769
6882
35046
6977
54757
68122
4279
37659
70275
47316
7806
67893
47629
49505
73990
69148
74449
28897
39833
5383
68327
31621
79287
69837
59242
45295
70080
72819
